Var1,Var2,Var3,Var4,Var5,Var6,Var7,Var8,Var9,Var10,Var11
177.108151001866,191.928872853133,224.626208494093,180.689662320429,391.003902565145,0.000508546073245935,7.51644092341558e-05,39.3085820147992,0.328564845982405,239.418829160516,384.725443434889
174.861440121579,190.397193384067,224.563033560611,181.508493136193,391.454070262053,0.000502318700041559,7.55728073904441e-05,38.9591002038139,0.335752840463348,238.263670193642,383.972570437736
168.126254562044,182.042579005756,214.302141624544,180.906675553122,389.819782995323,0.000488811608449752,7.43507299268589e-05,38.0499260089306,0.314571352356991,235.604573559691,379.457060547588
177.210692905488,192.025432755148,224.790752442482,181.285527440029,391.300513034896,0.00050527209477383,7.53064091260982e-05,39.1281595487323,0.331129624171058,238.562971130445,384.260924368563
211.029194173912,232.358081295506,273.523455711664,177.480411940421,393.766880056175,0.000558948498621523,7.74293583414864e-05,41.9949918414016,0.37054005111791,251.412199532757,400.754533631086
178.254433757592,193.122187195598,225.826352546841,180.615769839233,391.133172642868,0.00051097856993449,7.5258535527665e-05,39.4542616417334,0.330397034593561,240.63032638954,385.744649378083
177.117108494968,191.93389858301,224.484389125715,180.68579089542,390.999564714939,0.000508587645353723,7.51641100832185e-05,39.311078400978,0.328692759083366,239.438217856177,384.749308995953
177.108151001866,191.928872853133,224.626208494093,180.689662320429,391.003902565145,0.000508546073245935,7.51644092341558e-05,39.3085820147992,0.328564845982405,239.418829160516,384.725443434889
179.367975222911,194.355870547994,227.349908332518,180.420766218318,391.268148716969,0.00051553894381506,7.54154115974131e-05,39.7328477788498,0.333202106699282,239.658225447376,387.053413571276
192.542116110599,206.919274040374,240.052699253865,144.706038545061,373.515728812692,0.000744522491346745,8.86988250774334e-05,46.5447068759565,0.633917181406956,271.729534163334,430.18220457799
177.929016428598,192.608876641272,225.143256626019,182.907602906509,392.146890223044,0.00049507694145827,7.66903600249209e-05,38.5683239955698,0.355663014917177,238.420904267283,384.904836553549
177.059774489289,191.970884000136,224.908357866614,194.26238941586,414.844825296521,0.000484993483793096,7.34832590382918e-05,38.6245244472488,0.303278719768721,246.900972703595,397.10802526124
170.044238806403,186.206391163683,219.611438303295,139.574726833637,275.344649157296,0.000733508853619911,7.42936367109944e-05,27.7997182300996,0.0421230696955741,165.770272975341,260.897051504857
177.107951259372,191.927605276139,224.626504693555,180.687843910684,391.016085383497,0.000508553543321766,7.51629062420593e-05,39.3533813750579,0.328506633219195,238.279686764412,384.248143219138
177.108083729307,191.927632102183,224.62639315929,180.68867814861,391.016267395144,0.000508546775648859,7.51645473123985e-05,39.3807418565037,0.328430162141716,238.157765201329,384.220650560896
177.107930852758,191.92759221722,224.62650239195,180.687783638205,391.016078704957,0.000508554031111603,7.51627702490251e-05,36.1758141395345,0.298277302522098,239.14847284199,382.125261126415
177.108151001866,191.928872853133,224.626208494093,180.689662320429,391.003902565145,0.000508546073245935,7.51644092341558e-05,39.3085820147992,0.328564845982405,239.418829160516,384.725443434889
211.834078057391,235.09570119155,278.414054075282,117.929598330897,293.437517984861,0.00112175324581527,8.63089973052917e-05,34.2882844459227,0.0515907002205385,202.226889580513,305.245880228406
217.757157317656,244.220432463521,290.552743580084,119.684801142752,297.998583692215,0.0011162034124927,8.69971202037391e-05,34.5005791402993,0.0528123393751193,204.253917536853,307.899097890923
208.040466429577,232.382723720845,277.940969954259,120.686237408922,294.752458393359,0.00110676730103995,8.64528235314234e-05,34.3771133457047,0.0517584075320602,201.001397293716,304.504610279782
178.276099249448,194.299013873875,230.445819182533,132.304470670111,292.181569845076,0.0010067995444925,8.31032386880067e-05,33.3928736895195,0.0478103379696887,193.614002996251,293.965778505453
206.06220050367,230.191327106548,275.873017168193,123.043495557122,294.970462908083,0.00108658785790026,8.59915881609972e-05,34.2112363655358,0.0512047924767877,199.701569576372,303.021278479324
208.049501058607,232.4022521548,278.298350144873,122.380551410772,295.344235112444,0.00109222537846957,8.61810100082309e-05,34.2622822138018,0.0514322826605781,201.836351195912,303.939753695575
208.076526315312,232.416037059862,278.087614267867,122.360802904926,295.342986325172,0.00109223347991223,8.61818980380646e-05,34.2541740730324,0.0514357704820494,202.021890810973,304.085546594574
205.038838047607,228.900467013077,274.115203635665,123.701044420862,294.828166239278,0.00107958438719438,8.5782136274566e-05,34.1248775436739,0.0509564440370668,199.970631657955,302.7073316796
193.308582061783,216.89942068971,260.532031610722,151.278186945055,296.572394198741,0.000722240770758046,7.57271428280402e-05,26.1252973684368,0.0397705155762946,173.596399724509,270.342430887982
207.938567253261,232.444868641666,278.266376510774,112.727154610246,291.429440281824,0.0011524962653248,8.60551799027563e-05,34.1884308466124,0.0512787925746734,200.614888498661,304.73580435649
209.079161407417,232.64918188043,277.198377321052,104.963170969578,277.618997816129,0.00115309232428611,9.00879831448408e-05,33.57039155257,0.0607744485541418,193.346228868053,295.508295029376
214.817353860052,237.215356756164,282.888748373319,175.673728789716,412.670988469823,0.0006855244063541,8.75578285042884e-05,43.9489697112853,0.553066562629734,286.110390830448,447.230777197434
208.056527296212,232.411893371257,278.091582589479,122.396106340123,295.364804785371,0.00109223372378472,8.61806621554711e-05,34.2211898370395,0.0514205404625048,200.524288770725,305.271586205425
208.053475104953,232.411254614514,278.093247006686,122.412483579293,295.372304525436,0.00109224104976428,8.61828270233136e-05,34.1991832609926,0.0514310666307698,201.482711104749,305.541161106395
208.0533663469,232.411204983855,278.092607287017,122.412440807859,295.37306353925,0.00109224177121458,8.61828675883144e-05,37.2113661995115,0.056610924906907,202.789061763348,307.291628639665
208.076526315312,232.416037059862,278.087614267867,122.360802904926,295.342986325172,0.00109223347991223,8.61818980380646e-05,34.2541740730324,0.0514357704820494,202.021890810973,304.085546594574
208.076526315312,232.416037059862,278.087614267867,122.360802904926,295.342986325172,0.00109223347991223,8.61818980380646e-05,34.2541740730324,0.0514357704820494,202.021890810973,304.085546594574
204.121742833072,255.623213072262,363.046243542077,194.681073826462,342.9736112991,0.00101661368430296,6.57189594243859e-05,29.0194850197087,0.0152956126694987,195.146890124272,322.317908997493
203.142727029525,254.784298409968,362.953694687003,195.005937709378,343.013093182422,0.0010149308360554,6.57741890451251e-05,28.9446474181938,0.0153161533430962,195.182508648657,322.338300157616
205.682108731219,258.04854458951,365.242716536323,195.185573759471,343.768795727627,0.00102016862030415,6.57284136478904e-05,29.2020903288343,0.015311638062613,194.721847888534,324.057876325659
204.924757408837,256.646614142951,363.694623769199,194.902357755192,343.382443297916,0.0010393371706443,6.55028567587576e-05,30.1543322343639,0.0152072116046474,196.781045819304,323.8748978706
156.586768473158,175.332752545357,242.595224183196,185.534765550876,322.961384004043,0.000899193782517776,6.48552741836107e-05,23.1182352195812,0.0147915931803931,176.809562868649,300.872359595278
201.478974786098,251.844048548985,359.864501358497,194.385052425857,341.762590006634,0.00101119667823865,6.5708918780974e-05,28.7452076986788,0.0152932703761008,192.19515565937,321.513648862688
206.134889896528,258.47827761326,350.165816271567,194.925223653761,343.745556771279,0.00102134570247186,6.58669686098726e-05,29.2614284726999,0.0153667102023652,195.868398918472,323.359911688602
204.121742833072,255.623213072262,363.046243542077,194.681073826462,342.9736112991,0.00101661368430296,6.57189594243859e-05,29.0194850197087,0.0152956126694987,195.146890124272,322.317908997493
184.158234977345,225.270902064939,326.434249157147,191.171733526025,332.782617621522,0.00095848910025663,6.56132367922792e-05,26.0184735580584,0.0151884868801841,186.559737159834,312.665965487398
139.3337320886,179.873715006065,268.883656813257,163.192729423137,288.636720516069,0.000349804940378674,5.84760202629949e-05,1.36830226812761,0.0118692804141888,133.511459484828,252.131716445478
203.901506549161,255.171619740963,362.554753938105,195.184719536335,343.170757265782,0.00100133994063964,6.63360736383677e-05,28.2898260232636,0.0155776013457282,194.16945892811,321.71217497368
200.881788172479,239.283373287291,324.013727706522,131.482001511859,257.512283260092,0.00133901359870609,8.00187900668893e-05,35.3725444671761,0.022514392206884,168.682602318814,284.999666487062
204.30908969926,255.645292385506,361.680081489295,191.704425497298,337.787196787056,0.00104452867899005,6.56782650645092e-05,28.1613384878536,0.0141189995452489,190.644050747228,318.908633991022
204.124037660285,255.619367966501,363.057965043212,194.67864609404,342.980089310815,0.00101670479324478,6.57204309289638e-05,28.9387082889354,0.0153186311927075,193.700277733427,324.609710480325
204.122566259041,255.615495802033,363.042800085457,194.679459858229,342.978460607865,0.00101658526298038,6.57181715832197e-05,29.1315176365698,0.0152432771225201,194.161930112065,321.671031397376
204.128057281515,255.622407861919,363.051825422329,194.678827361404,342.975263552916,0.00101670802835643,6.57185187829014e-05,28.8770599940145,0.0151665953493809,194.753652655472,321.62277351243
204.121742833072,255.623213072262,363.046243542077,194.681073826462,342.9736112991,0.00101661368430296,6.57189594243859e-05,29.0194850197087,0.0152956126694987,195.146890124272,322.317908997493
82.4310614860462,102.877207697609,151.169444830587,97.89216418701,189.49068548533,0.000328663646116773,6.27696521356187e-05,0.714346647441161,0.0125731384276025,96.5270653989116,201.068916830584
80.3107543490555,100.737758876438,149.440495328367,97.2070759014909,188.789284817645,0.000326151067841062,6.26500934315508e-05,0.693182372635918,0.012523031998796,96.8665085883632,202.093913738113
82.1340704287392,102.355436125962,150.409213458293,98.6005623700587,189.836738864268,0.000326980064741734,6.30699578318292e-05,0.706065548454077,0.0126960848389087,96.5137543243548,201.943694130521
117.702888702388,150.46680431619,215.350549708578,109.46468580888,205.034118049612,0.000363282272144813,6.44419300875017e-05,1.03578967505325,0.013271314442125,106.616104711222,211.330633722785
82.0564634145168,102.744549426531,151.328922878511,98.0525256568513,189.460109962921,0.000328648511251069,6.27840183499942e-05,0.714527058968022,0.0125797935117784,96.8563910728325,201.319172352887
81.1505614831169,101.883436520946,156.708575448228,97.7444975028941,189.076951723114,0.000327141701329395,6.26832012214263e-05,0.702395667082482,0.0125379529594963,96.2687809162715,200.857870358944
81.853187907608,102.503571349098,151.103218647719,98.0061593958184,189.372058246902,0.000328382046119957,6.27705367758957e-05,0.712316302411207,0.0125739205331723,96.8669370233173,201.326395480557
93.8435515773317,115.371401082418,164.46522085404,102.69137353908,194.836895299817,0.000347569047492297,6.3664821356422e-05,0.887147781375809,0.0129439271830914,100.951632468249,205.556757719224
146.379604475621,162.552739195384,209.22139058279,130.119411444971,237.443652114643,0.00116264019022242,7.7279641236305e-05,27.0371233014676,0.0193517897103891,152.974002671162,262.516346062303
81.8832644559385,102.575581374504,151.224558622321,97.2900854434602,189.15017591813,0.000333613641298307,6.23489120185596e-05,0.74988053887786,0.0124022616597251,96.9783681896711,201.744373990273
81.9863684904312,103.652263624413,155.888283148652,125.214430367972,254.314642547781,0.000308146049403293,5.7366478834738e-05,0.672732251831933,0.0104685436043801,108.536880016609,225.732246739922
81.8252615857502,102.460589316026,151.133721423918,99.2654650462004,192.077890701417,0.000323445693844366,6.27471633474604e-05,0.786549195653558,0.0135930420479211,98.1100430389767,202.389995086523
81.8415336053559,102.503700036721,151.103929016161,98.0065302605146,189.356714168887,0.000328389479686743,6.27695796443186e-05,0.71966164372658,0.0125726387703288,95.3955091691915,200.185421644706
81.8531502919751,102.503561989579,151.10321245894,98.0065138008694,189.372156122595,0.000328381873237309,6.27705291028822e-05,0.705466659262214,0.0125755229362218,97.8777057152565,203.781178825189
81.8531307568765,102.50355831715,151.103211431838,98.0067088958529,189.372257525031,0.000328381847940066,6.27705266289185e-05,0.715239022593418,0.0126657269503123,97.1814676039533,202.101245282151
81.853187907608,102.503571349098,151.103218647719,98.0061593958184,189.372058246902,0.000328382046119957,6.27705367758957e-05,0.712316302411207,0.0125739205331723,96.8669370233173,201.326395480557
81.853187907608,102.503571349098,151.103218647719,98.0061593958184,189.372058246902,0.000328382046119957,6.27705367758957e-05,0.712316302411207,0.0125739205331723,96.8669370233173,201.326395480557
177.300082982736,199.459112861362,250.281674792884,159.518730175613,288.573488581919,0.000938071032440665,7.46608985812838e-05,44.8563443592814,0.04311164323615,177.693114467395,297.263450280551
180.25902158174,201.58957556434,250.845865855839,159.442746778134,288.794326628088,0.000949804716149939,7.43792410627218e-05,45.7098434710652,0.0427935081565327,179.802707484443,297.361148646673
189.686469637462,214.25632148469,265.486295357512,160.501826638017,292.868841361079,0.00097558627509918,7.53371310962795e-05,47.6630947919434,0.0439057769815551,182.902759213898,302.615527897014
176.43035370259,198.373207287392,248.986942737083,159.915257770204,287.305390935547,0.000868117027155701,7.55896507856644e-05,39.4804945505784,0.0441319632586831,173.059672000096,291.427599709286
230.474404410593,276.107965710631,347.722697025913,159.963088830007,307.459096860729,0.00103486840265927,7.55568664457737e-05,51.5960298093659,0.0441205592623943,189.402801548901,313.205911970773
176.169046038126,198.199656010716,249.049638191347,159.417358198977,288.18475164427,0.000934584874087285,7.46049104038567e-05,44.5919494470557,0.0430573008446913,179.924026188417,296.726995701921
176.825490618804,198.9490715837,251.409882152311,159.549696935586,288.588471078175,0.000937533800126201,7.46435267213665e-05,44.8065691727542,0.043071905584631,178.844277250148,296.873739617197
177.300082982736,199.459112861362,250.281674792884,159.518730175613,288.573488581919,0.000938071032440665,7.46608985812838e-05,44.8563443592814,0.04311164323615,177.693114467395,297.263450280551
161.742702458,181.705330550608,229.288740052879,156.501582994608,281.867671909698,0.000871249760959623,7.36299643419555e-05,39.5070733587111,0.0419273818757937,171.914828712785,287.100177977952
178.053180708272,200.280946234309,251.332777360571,159.73757293015,289.597430801048,0.000956232365962969,7.4834299764567e-05,46.2629708166965,0.0433222695873526,180.511018099474,298.530679375364
177.321248741901,199.422507983692,250.141726241519,159.755358797319,288.539498447068,0.000930377337397736,7.50286035258617e-05,44.295820044247,0.0435226828652318,179.356576913128,296.487440265606
184.38892796307,201.693016464026,241.651946142254,89.0379430705035,200.926694975284,0.00122510856512363,9.28160221798409e-05,45.2542124376275,0.0661277615582164,146.365653812365,252.592472174687
177.910797609059,199.751338770208,251.294893940832,173.892595113736,317.863111391219,0.000817623920915214,7.47653642623687e-05,51.8220185836957,0.0644699706773087,195.663972633168,322.954390920213
177.300054711321,199.458996046442,250.281370246673,159.518671783381,288.572748557801,0.00093806327400689,7.46660955350833e-05,44.9965103371412,0.0431133249273216,178.308744902127,295.499865039028
177.299930450655,199.459102028702,250.281954580507,159.518346905937,288.573615979979,0.000938086593486272,7.46673790612172e-05,37.7991115376081,0.0957755263872549,204.639736852151,391.610065558988
177.299601833813,199.458338177069,250.28042608819,159.518589669857,288.572624382917,0.000938051128112977,7.46621919036496e-05,25.6392377364499,0.020606393761811,165.00457978086,257.032446281244
177.300082982736,199.459112861362,250.281674792884,159.518730175613,288.573488581919,0.000938071032440665,7.46608985812838e-05,44.8563443592814,0.04311164323615,177.693114467395,297.263450280551
236.339018863654,266.363750636031,327.768840335947,103.694834422043,243.227950159443,0.00101400024773015,9.29090434329721e-05,27.786548414244,0.0475898866093035,157.473314359278,272.026000530179
223.604404351283,249.284796476814,305.962775520865,103.362322919687,234.393498387164,0.00101870041794818,9.27543543999457e-05,27.8524588096853,0.0474510633348607,155.322343933309,270.015997479235
237.748639995207,267.109880512205,325.479178320656,91.11483336042,235.417806434274,0.00113380139820467,9.41268029465376e-05,28.3002427190985,0.0488634277457228,158.564217963594,274.670033106248
182.41268482926,199.436470651705,239.352453739305,106.576670703276,222.12583625064,0.000961447158997473,9.19523040341373e-05,26.3814647287476,0.0466564309769415,154.51497195291,263.788425955131
242.855876444882,271.939058764744,331.020439861534,101.101520232805,242.367598028718,0.00104279843249077,9.29304891354056e-05,28.1813734390871,0.0476107751067554,158.037934238154,272.799371182137
240.596574274065,269.318796715899,326.404930606515,101.47576107555,241.377569425221,0.00104131580929196,9.29656971094798e-05,28.1891553698828,0.0476511329905957,156.928504205539,272.197820485824
240.416049710228,269.129497847463,328.027183392588,101.461437224043,241.363486564613,0.00103967264854337,9.29355957769039e-05,28.1557599239031,0.0476211215792366,156.623275198681,272.164291146833
265.282607607958,300.704412017194,368.59259293046,95.6902020210846,250.780979677826,0.0010891868203318,9.28227154296882e-05,28.3117666209476,0.0474765324409515,157.303672747783,276.590127055823
240.167553859765,268.68860158898,327.352976330957,102.582870807193,241.359656085608,0.00102351057091547,9.25602568614917e-05,27.8642080262154,0.0472333893858917,156.311780603725,271.477651388696
239.956186923224,268.864593681333,327.912690409387,99.1526626878245,240.279619910885,0.0010553683776634,9.28122763146892e-05,28.0911864199454,0.047494728810102,156.442288710789,272.23663215759
224.464726971717,266.78004824729,336.928639033707,175.858769209013,331.075073720972,0.000813491031195351,7.61878550045971e-05,27.165753707306,0.0321398601202389,194.287720585875,323.031052845161
244.06950551223,271.655813231156,329.446668730787,90.3968181433641,213.994742524175,0.00120831116458041,9.29140707390125e-05,24.1673658447729,0.031849815867687,140.709371065374,249.511355505681
240.416287442516,269.129447359461,328.027135685649,101.461403640452,241.363228792241,0.00103967310965637,9.29356208549998e-05,28.0714790627181,0.0476067732670692,159.034739491116,274.451953398274
240.414119314476,269.129127164607,328.026885338771,101.461539471303,241.363778187211,0.00103966983142645,9.29357969456772e-05,31.0227275816084,0.0477288046202955,145.285353665874,235.089305081889
240.41324989942,269.128797955226,328.022480634365,101.461482768063,241.364153803121,0.00103967023647756,9.29358281525189e-05,43.874703399833,0.145308667393298,189.047066050861,372.94734557851
240.416049710228,269.129497847463,328.027183392588,101.461437224043,241.363486564613,0.00103967264854337,9.29355957769039e-05,28.1557599239031,0.0476211215792366,156.623275198681,272.164291146833
240.416049710228,269.129497847463,328.027183392588,101.461437224043,241.363486564613,0.00103967264854337,9.29355957769039e-05,28.1557599239031,0.0476211215792366,156.623275198681,272.164291146833
174.337273939241,192.773842023472,226.076896621143,120.614418758014,237.970814238392,0.000449074112755958,7.28714018028332e-05,11.9795769398401,0.0564854512054985,145.636473796875,273.496520933146
171.642951086141,190.806732515359,225.659157983543,121.04917649265,238.13546684762,0.000442215088218024,7.30174461265344e-05,11.5659556353425,0.0567133195862614,146.899437146958,274.166118427619
151.007682291458,167.9355969164,201.054998871671,118.876869376467,229.06450994955,0.000412887664664175,7.11947217988689e-05,9.74298947414228,0.0538434687520292,141.576762409562,265.546618646042
175.775942670364,193.856445898721,226.512036091483,120.124937073203,237.351462234872,0.000457813123246333,7.22102950530545e-05,12.4586460396116,0.055461987924879,147.644708056194,273.308768476604
151.510277926751,166.868620049539,196.794356798575,119.640486776912,230.423585584784,0.000421408484936181,7.16950801284649e-05,10.286452585897,0.0546252671986051,141.618573744,267.451858021792
175.153851099657,193.605678613756,226.896544023911,120.589518265129,238.278769094257,0.000450025776559103,7.29120063269443e-05,12.0368672539281,0.0565474390429176,147.414232519646,274.336098017908
174.233834198562,192.453618542112,223.542767450129,120.570261721069,238.057777892335,0.000449036583477505,7.28598398955985e-05,11.9771744438656,0.0564612062791961,147.133533445343,273.116698654054
174.337273939241,192.773842023472,226.076896621143,120.614418758014,237.970814238392,0.000449074112755958,7.28714018028332e-05,11.9795769398401,0.0564854512054985,145.636473796875,273.496520933146
232.201991316447,254.19269839544,291.825703154234,122.912073014694,262.852821591337,0.000552832303793119,7.63046902318945e-05,18.8828178534846,0.061844846659069,159.712760182537,293.766538281568
183.413271238394,201.64685442945,235.268054873507,123.37277917678,244.955625213026,0.000570492068648659,7.59373423274797e-05,20.2207705549416,0.0613206801394015,158.849069414601,288.220880986129
174.547670686263,192.946074775075,226.226591009323,120.066213193988,237.481240456492,0.000459636696797761,7.22261811136522e-05,12.6051949663371,0.0554918248596563,147.113971730673,273.594018104704
169.094370413771,191.715206732024,229.159000328663,190.636244241255,347.015266686827,0.000361891121574548,6.2807370644541e-05,9.62243950232161,0.0419554316735221,178.212871347201,320.28641925444
177.101536538978,195.745901239163,229.767305864377,147.409752044601,287.113946809577,0.000370817986347675,7.28832334487597e-05,17.5811793014885,0.130781569371462,177.047603769356,316.918067026604
174.337981919093,192.774566149878,226.07613544952,120.614345194453,237.971419669355,0.000449079282029615,7.28708242849441e-05,11.8883898469372,0.0564754382790175,148.917127611037,275.883649391141
174.337934714841,192.77451786219,226.076130332895,120.614351287435,237.971365411222,0.000449078896114766,7.2870956649248e-05,13.651406124655,0.0560419146877031,132.539239089703,229.295088039395
174.337975423185,192.774558741068,226.076147825078,120.614295456274,237.971141351797,0.000449079115941451,7.28715442217464e-05,15.1478251449442,0.0937380324767704,169.350944280735,338.441579930269
174.337273939241,192.773842023472,226.076896621143,120.614418758014,237.970814238392,0.000449074112755958,7.28714018028332e-05,11.9795769398401,0.0564854512054985,145.636473796875,273.496520933146
190.263835834367,208.204388242418,241.960062156692,231.672119862275,440.368741955156,0.000398102935640193,6.46899013228857e-05,38.9041244360204,0.134996142803339,236.858127050106,403.209080345447
205.576704476641,226.644261877771,262.840127335071,237.933754341209,447.78296849274,0.000414932030330711,6.56544940122009e-05,42.0042964459556,0.145197186516439,245.86520851581,413.531560998587
185.895588051546,204.759141034281,240.601091774169,232.933956244992,440.726807242238,0.000385677415804678,6.5365040795696e-05,36.9133200961046,0.13991942026521,235.057679244936,401.769873047027
216.654801907046,242.764461312431,284.630455907675,240.449269809306,449.840411484227,0.000416966454297385,6.56298397393892e-05,42.2450962726382,0.145493898146264,248.486231627525,415.036971343526
186.771235740418,205.353316088513,240.594072426109,231.765757688761,440.228844676734,0.000394842721338088,6.48133371314388e-05,38.3592724044484,0.135734425356602,236.293053992163,402.159522104072
187.366196945396,206.118892217394,244.204804541509,231.822083916605,440.162559132317,0.000395097966764415,6.48003113094475e-05,38.4091792455578,0.135895048493479,236.513194506541,401.222200475096
187.74321890987,206.396247794953,241.654246675573,232.070554122262,440.554171597413,0.000395756894333754,6.48482729715544e-05,38.527227160031,0.136338756269148,236.396874286225,402.662244332315
143.035392552663,157.706412526714,188.206958258339,214.070906646638,417.665511294481,0.000336822005463316,6.23279661612945e-05,27.2586673023061,0.118074712927201,209.68041960472,369.934991654241
177.705886518674,196.349958018713,230.958031083963,227.955024920215,429.072518080073,0.000328538213771206,6.29202293895181e-05,26.230996295674,0.121013748036391,220.371988212813,382.287531883377
187.591780081265,206.235434445885,241.464592667431,232.604832128898,440.910937967567,0.000391350850023821,6.5526834968474e-05,37.8534687432356,0.141603036535606,237.034323753771,402.732178227374
191.19157638682,207.734326146981,240.018805517359,145.888206473614,298.010037216513,0.000530183546734894,7.64967813517153e-05,47.9764796223629,0.240500296672346,199.295994202613,339.520057321492
183.080567115685,202.846282513176,238.69043603762,198.20888874431,362.561630523482,0.000479042377099587,6.40574580866616e-05,28.4612681534713,0.0667275688201243,198.32633367488,339.131487594565
187.743526349257,206.396568815256,241.654592296332,232.070933637441,440.571977562015,0.000395757005364801,6.4847595533969e-05,38.6742961945998,0.135458474831057,236.437350645911,400.373363679354
187.743081363047,206.396054107985,241.654013646629,232.071005140247,440.532563487941,0.000395754808816252,6.48475000754775e-05,34.8573000833644,0.241371576358741,257.214518414047,462.938694073159
187.743061445213,206.39607565257,241.654054777219,232.070862688896,440.554350899519,0.000395756327459765,6.48477223407445e-05,27.8826759962621,0.0843744207919609,223.716376693312,369.760688781437
187.74321890987,206.396247794953,241.654246675573,232.070554122262,440.554171597413,0.000395756894333754,6.48482729715544e-05,38.527227160031,0.136338756269148,236.396874286225,402.662244332315
187.74321890987,206.396247794953,241.654246675573,232.070554122262,440.554171597413,0.000395756894333754,6.48482729715544e-05,38.527227160031,0.136338756269148,236.396874286225,402.662244332315
